9.089527818813053842e-03 9.044479999602117459e-03
2.369086589154618819e-04 2.381599995260330616e-04
9.476434990305745336e-04 9.445599996524833841e-04
7.172810255872523206e-04 7.152799996674730210e-04
1.447762852031561414e-03 1.440559999537072144e-03
4.394055487328052054e-04 4.402599995501077501e-04
4.775638190167140083e-04 4.783299996233836282e-04
1.755672826478774373e-01 1.753176299996539456e-01
1.587273760924802768e-01 1.585214999995514518e-01
2.497651869841293504e+00 2.505568799999537077e+00
4.088470976199107376e+00 4.075210479999668678e+00
1.626855984274209854e+00 1.619935439999608207e+00
3.026091330734589135e+00 3.015847919999487203e+00
