9.074326145506027980e-03 9.044479999602117459e-03
2.345359278549647797e-04 2.381599995260330616e-04
9.381680905163161969e-04 9.445599996524833841e-04
7.099860767513302418e-04 7.152799996674730210e-04
1.432838851181541563e-03 1.440559999537072144e-03
4.376327314638859081e-04 4.402599995501077501e-04
4.756844862400435442e-04 4.783299996233836282e-04
1.750184563140009530e-01 1.753176299996539456e-01
1.583584505300015266e-01 1.585214999995514518e-01
2.509128640630087226e+00 2.505568799999537077e+00
4.086872465436173663e+00 4.075210479999668678e+00
1.617277872044731390e+00 1.619935439999608207e+00
3.024889346921097122e+00 3.015847919999487203e+00
6.703401672109485787e-01 6.823709599996163888e-01
4.681975810564154572e-01 4.764999199994690571e-01
5.202226889561039069e-01 5.349218399994697393e-01
7.459587898024822028e-01 7.651741599995602883e-01
4.477463050304789083e-01 4.550051999995048391e-01
4.791394185338879730e-01 4.929224799996063666e-01
7.935672445195307567e-01 8.028346399994461535e-01
5.710721811456181962e-01 5.844330399995669723e-01
1.492948164530935262e+00 1.511092079999571069e+00
7.575836226499441661e-01 7.661782399995900050e-01
