1.141550099819564278e-19 -3.897699999981796282e-04
2.996279738068880014e-03 2.980870000016011545e-03
3.700332571052396529e-03 3.684840000005351612e-03
3.201968195709461139e-03 3.188420000014957623e-03
3.455468234497749945e-03 3.441610000010086878e-03
6.325838622994965632e-02 6.325110592592952941e-02
6.457297022242280971e-02 6.456359592593319263e-02
6.396821599568262851e-02 6.396328592592315232e-02
6.386344051498354935e-02 6.385720592592836198e-02
6.078974102814367619e-02 6.079230592593010130e-02
5.789747317099222523e-02 5.790130592592479530e-02
5.946145302005150651e-02 5.946413592593646769e-02
5.789747318621357025e-02 5.790130592592479530e-02
