-1.880790961315660013e-37 0.000000000000000000e+00
9.403954806578300064e-38 0.000000000000000000e+00
1.880790961315660013e-37 0.000000000000000000e+00
-9.403954806578300064e-38 0.000000000000000000e+00
8.077935671343951849e-28 0.000000000000000000e+00
1.880790961315660013e-37 0.000000000000000000e+00
-2.019483918306185703e-28 0.000000000000000000e+00
9.403954806578300064e-38 0.000000000000000000e+00
1.880790961315660013e-37 0.000000000000000000e+00
9.403954806578300064e-38 0.000000000000000000e+00
9.403954806578300064e-38 0.000000000000000000e+00
1.880790961315660013e-37 0.000000000000000000e+00
-2.821186441973490019e-37 0.000000000000000000e+00
9.403954806578300064e-38 0.000000000000000000e+00
1.880790961315660013e-37 0.000000000000000000e+00
-1.880790961315660013e-37 0.000000000000000000e+00
9.403954806578300064e-38 0.000000000000000000e+00
1.880790961315660013e-37 0.000000000000000000e+00
-2.019483920186976664e-28 0.000000000000000000e+00
9.403954806578300064e-38 0.000000000000000000e+00
1.880790961315660013e-37 0.000000000000000000e+00
-2.821186441973490019e-37 0.000000000000000000e+00
9.403954806578300064e-38 0.000000000000000000e+00
1.880790961315660013e-37 0.000000000000000000e+00
-2.821186441973490019e-37 0.000000000000000000e+00
1.880790961315660013e-37 0.000000000000000000e+00
2.019483919246581183e-28 0.000000000000000000e+00
0.000000000000000000e+00 0.000000000000000000e+00
8.077935671343951849e-28 0.000000000000000000e+00
-8.077935667582369926e-28 0.000000000000000000e+00
9.403954806578300064e-38 0.000000000000000000e+00
8.077935669463160887e-28 0.000000000000000000e+00
1.880790961315660013e-37 0.000000000000000000e+00
0.000000000000000000e+00 0.000000000000000000e+00
8.077935670403556368e-28 0.000000000000000000e+00
3.761581922631320025e-37 0.000000000000000000e+00
-2.019483919246581183e-28 0.000000000000000000e+00
8.077935670403556368e-28 0.000000000000000000e+00
-8.077935667582369926e-28 0.000000000000000000e+00
-2.821186441973490019e-37 0.000000000000000000e+00
-2.019483916425394741e-28 0.000000000000000000e+00
3.996680792795777527e-37 0.000000000000000000e+00
8.077935666641974445e-28 0.000000000000000000e+00
8.077935671343951849e-28 0.000000000000000000e+00
1.880790961315660013e-37 0.000000000000000000e+00
8.077935666641974445e-28 0.000000000000000000e+00
9.403954806578300064e-38 0.000000000000000000e+00
1.880790961315660013e-37 0.000000000000000000e+00
8.077935666641974445e-28 0.000000000000000000e+00
1.880790961315660013e-37 0.000000000000000000e+00
1.880790961315660013e-37 0.000000000000000000e+00
8.077935669463160887e-28 0.000000000000000000e+00
0.000000000000000000e+00 0.000000000000000000e+00
1.880790961315660013e-37 0.000000000000000000e+00
-2.821186441973490019e-37 0.000000000000000000e+00
0.000000000000000000e+00 0.000000000000000000e+00
6.058451753978161627e-28 0.000000000000000000e+00
-2.821186441973490019e-37 0.000000000000000000e+00
9.403954806578300064e-38 0.000000000000000000e+00
0.000000000000000000e+00 0.000000000000000000e+00
-2.821186441973490019e-37 0.000000000000000000e+00
-6.058451751156975185e-28 0.000000000000000000e+00
-2.019483915249900390e-28 0.000000000000000000e+00
-9.403954806578300064e-38 0.000000000000000000e+00
1.880790961315660013e-37 0.000000000000000000e+00
8.077935671343951849e-28 0.000000000000000000e+00
-1.880790961315660013e-37 0.000000000000000000e+00
1.880790961315660013e-37 0.000000000000000000e+00
8.077935671343951849e-28 0.000000000000000000e+00
-9.403954806578300064e-38 0.000000000000000000e+00
-8.077935668522765407e-28 0.000000000000000000e+00
1.880790961315660013e-37 0.000000000000000000e+00
-6.058451753037766146e-28 0.000000000000000000e+00
1.880790961315660013e-37 0.000000000000000000e+00
8.077935669463160887e-28 0.000000000000000000e+00
-9.403954806578300064e-38 0.000000000000000000e+00
9.403954806578300064e-38 0.000000000000000000e+00
0.000000000000000000e+00 0.000000000000000000e+00
-9.403954806578300064e-38 0.000000000000000000e+00
9.403954806578300064e-38 0.000000000000000000e+00
1.880790961315660013e-37 0.000000000000000000e+00
-5.358530272704023880e-04 -5.618420399999999541e-04
6.978083712505422009e-04 6.937857199999999816e-04
3.362172289062995839e-03 3.351017899999999845e-03
6.608997856368991263e-04 6.683238000000000199e-04
-2.861818910910271171e-03 -2.827808099999999832e-03
1.513964700884290948e-03 1.491492600000000066e-03
1.742430993656739896e-03 1.755728200000000088e-03
-5.810084966492085230e-03 -5.784582699999999723e-03
8.946812863592776884e-04 8.877330800000000390e-04
-2.129576798805294692e-03 -2.108949900000000027e-03
9.624920655258019202e-04 9.571330500000000026e-04
5.876997819569793231e-03 5.898389300000000078e-03
-3.163316686587405203e-03 -3.102573400000000099e-03
2.675134940712895620e-04 3.016397999999999779e-04
-2.290571692369547906e-03 -2.317144599999999919e-03
-3.055548758568374726e-03 -3.058990000000000146e-03
-2.036897304787475826e-03 -2.031134799999999817e-03
2.008906982777709013e-03 1.986524500000000099e-03
-5.083550372767768090e-03 -5.089749900000000056e-03
-2.085692844482911652e-03 -2.065647999999999790e-03
1.159030793025135706e-03 1.180287199999999984e-03
5.597431510784552176e-04 5.819577999999999730e-04
9.415124608274117466e-04 9.527041099999999582e-04
1.163451905528534993e-03 1.120593000000000023e-03
-1.391002122842974415e-03 -1.386438999999999944e-03
-3.074984362505276455e-03 -3.083330999999999919e-03
-3.150299357204762365e-04 -3.256607500000000075e-04
3.350808599269488892e-03 3.334273500000000182e-03
-1.576410813247016048e-03 -1.570578200000000060e-03
-3.664958304115640501e-03 -3.662963899999999856e-03
-4.903214603259159129e-03 -4.898136200000000051e-03
3.793189188425462929e-03 3.768145899999999961e-03
4.510197715517656920e-03 4.514799400000000032e-03
1.597092376271499027e-03 1.602248900000000000e-03
1.333918430830941578e-03 1.324337400000000003e-03
-3.022997783500505284e-03 -3.021404200000000172e-03
1.373530925365497530e-03 1.371682500000000107e-03
-4.926538674037789396e-03 -4.919331600000000082e-03
-3.717117554165585199e-03 -3.688245299999999820e-03
-5.412940932479967139e-03 -5.418638299999999595e-03
2.906971422188186268e-03 2.877811100000000118e-03
8.373280322854932114e-04 8.714618299999999599e-04
4.200161364091997002e-03 4.201770599999999842e-03
5.347383211680797497e-04 5.156332000000000016e-04
1.479170077972262031e-04 1.431507299999999934e-04
4.562755483670713659e-03 4.539217100000000372e-03
-5.310364834942539296e-03 -5.327372599999999694e-03
-2.757858731731019277e-03 -2.755728700000000062e-03
4.327941682621833379e-05 3.851651900000000161e-05
6.648044347639362264e-03 6.651822200000000011e-03
4.667969143882053085e-03 4.685015800000000112e-03
8.695003314803364993e-04 8.461562099999999547e-04
-1.161895820122041704e-03 -1.147760399999999976e-03
-6.972918779759807763e-03 -6.985352499999999965e-03
-1.466727946980007566e-03 -1.448412700000000072e-03
-7.261084913372907804e-04 -7.416599199999999916e-04
-3.291043598166967787e-03 -3.278486000000000160e-03
1.346941471715143771e-04 1.537559499999999928e-04
3.103990411853581235e-03 3.079624999999999897e-03
-2.135569048509670161e-03 -2.143798900000000018e-03
-3.573052018475447907e-03 -3.592141200000000152e-03
3.311417478665673163e-03 3.318906300000000042e-03
-8.887074742108345277e-04 -8.658570600000000186e-04
4.780783039481022005e-03 4.777698099999999962e-03
3.011676323304568036e-03 2.996926300000000119e-03
-4.802232019465495216e-03 -4.823789600000000406e-03
5.846480078137300702e-03 5.836144199999999775e-03
1.263059693676916442e-03 1.262455399999999920e-03
-1.107211383212864525e-03 -1.123844099999999962e-03
2.244151399325593210e-03 2.221943499999999832e-03
3.246438478738316279e-03 3.281206200000000121e-03
3.504180507263075697e-03 3.548388100000000010e-03
-1.953074810098735933e-04 -2.033113399999999886e-04
2.108040091913454539e-03 2.100417900000000129e-03
4.041846761384873532e-04 3.961663600000000130e-04
-3.222346615804151226e-03 -3.201273000000000139e-03
-3.043556496988533439e-03 -3.078432800000000143e-03
2.371353166619780996e-03 2.346697100000000053e-03
2.166126246772427568e-03 2.141040199999999939e-03
-1.516457215032624437e-03 -1.504909299999999906e-03
2.543880270031990357e-03 2.570558599999999902e-03
-3.817102567353824246e-03 -3.826035499999999936e-03
-7.030669912298652445e-04 -6.936484199999999991e-04
-2.980576525989141103e-03 -2.967735300000000093e-03
-2.086839959699948038e-03 -2.098754699999999789e-03
3.671572043662293516e-03 3.666057900000000216e-03
-5.216156720037504017e-04 -5.333523199999999805e-04
4.765624979496528579e-03 4.768152099999999928e-03
4.464535105606459719e-03 4.468363700000000174e-03
1.567865481931861272e-03 1.588807200000000091e-03
-3.256668042511334186e-03 -3.235934399999999909e-03
7.792778864766757973e-04 8.019780100000000259e-04
1.261789671022835527e-03 1.267395300000000039e-03
-6.027422778423322490e-03 -6.022118199999999984e-03
4.581336910198917519e-04 4.598890100000000152e-04
-1.849257267579577783e-04 -2.327115700000000011e-04
1.003550824200052363e-03 1.000427699999999935e-03
-4.585887353075208256e-03 -4.587200900000000352e-03
2.207473479324792692e-03 2.216119700000000140e-03
5.014333583025934980e-03 5.028829599999999622e-03
-4.224881299406622534e-03 -4.205735300000000045e-03
3.665050119823599710e-04 3.266353799999999782e-04
3.631421264550350504e-03 3.653314799999999793e-03
4.104325531448892520e-03 4.115454299999999829e-03
5.736724319808168132e-03 5.736284300000000017e-03
-3.291622170478341637e-03 -3.308991600000000047e-03
-5.975774023964822851e-03 -5.990841999999999695e-03
2.376105810272035332e-04 2.712964500000000171e-04
4.494674957270504770e-03 4.552537599999999934e-03
-3.101320880542272635e-03 -3.118687800000000034e-03
-3.240295148583449605e-03 -3.198508300000000183e-03
-3.268559408617697712e-03 -3.228905700000000035e-03
3.494527296680039353e-03 3.453159300000000018e-03
9.819632538274709541e-04 9.637372699999999974e-04
-3.127211724896866024e-03 -3.138862899999999949e-03
-5.425381313349390659e-03 -5.432835399999999711e-03
1.976371902125654764e-03 1.991582899999999861e-03
-1.293360655830702154e-03 -1.282065399999999904e-03
7.362580322969618143e-04 7.518415099999999681e-04
1.361178174694916082e-03 1.352792600000000001e-03
-3.811940629989813128e-03 -3.799241300000000179e-03
3.394817183487309608e-03 3.374920300000000106e-03
2.353154640817715394e-03 2.339284400000000205e-03
-1.974743911395674366e-03 -1.978665100000000145e-03
3.172689870069274245e-03 3.202089600000000182e-03
-3.705566421292404156e-03 -3.685566999999999836e-03
-1.111684257448280078e-03 -1.144254699999999953e-03
-1.168859884394549738e-03 -1.150742699999999976e-03
3.577283504316750365e-03 3.564146299999999910e-03
1.605599083400089657e-03 1.563784699999999942e-03
3.986737521840463816e-03 3.992705699999999844e-03
-1.689200398215565634e-03 -1.702954499999999967e-03
3.334326065194748341e-03 3.338094800000000056e-03
-4.943295574717654871e-03 -4.900455199999999810e-03
3.237167426738902891e-03 3.234003899999999924e-03
-2.413828930181504111e-03 -2.423633499999999861e-03
7.033757498789330008e-03 7.012432300000000403e-03
-3.347272823544998350e-03 -3.334867799999999879e-03
-2.355855788204692068e-03 -2.342813400000000150e-03
-1.310240462974293077e-03 -1.317924600000000036e-03
-4.699053648367963396e-03 -4.720245599999999854e-03
3.259623230914046252e-03 3.264977899999999943e-03
-2.150129675845708146e-03 -2.158715900000000160e-03
1.283979921823939427e-03 1.285914100000000015e-03
6.045491139246289038e-03 6.031125099999999628e-03
-1.705552344344555627e-03 -1.736138500000000088e-03
-1.606972539851828953e-03 -1.584986299999999919e-03
4.220731514754987035e-03 4.211086200000000238e-03
1.800912876743331471e-04 1.742486700000000089e-04
4.605456673565833277e-03 4.586395299999999724e-03
2.411536141268130155e-03 2.359387000000000116e-03
-1.652624204929237749e-03 -1.660105999999999951e-03
-3.808722255069428748e-03 -3.772227799999999798e-03
-3.654281688331552022e-03 -3.653718700000000048e-03
1.963584730244705406e-03 1.945710200000000086e-03
4.002946635973112129e-03 3.979191400000000114e-03
-2.334621304858482474e-03 -2.330307000000000212e-03
-6.200802347169046165e-03 -6.195301799999999685e-03
-1.823164873840366334e-03 -1.802605099999999910e-03
4.038831323891173969e-03 4.042584400000000244e-03
5.707508877692320758e-03 5.729484400000000102e-03
-7.150105028610438153e-03 -7.167825000000000064e-03
5.790125691249147898e-04 5.711116700000000478e-04
-2.727327333627709862e-04 -2.554666199999999993e-04
3.926182664623943837e-03 3.900327299999999976e-03
-2.936668077931009653e-03 -2.961050299999999896e-03
-6.913365426689832213e-03 -6.908215900000000409e-03
-1.324406874420580625e-03 -1.329532800000000079e-03
3.279082528765009212e-03 3.255086199999999985e-03
3.677976416445138258e-03 3.660098999999999991e-03
4.766978283408772853e-03 4.781359399999999919e-03
-2.788390786966827607e-03 -2.784068199999999854e-03
-6.486609114346323160e-05 -8.060723699999999749e-05
-1.432465886238969317e-03 -1.419408899999999914e-03
3.134837748722037621e-03 3.153469299999999993e-03
-1.641161010648285994e-03 -1.649637700000000044e-03
-3.780804757020284155e-03 -3.762267799999999968e-03
-1.094045386563215335e-03 -1.113980600000000079e-03
-4.104177297199959606e-04 -4.133506099999999933e-04
-5.262715474962877029e-04 -5.261670099999999793e-04
-2.452391086715149764e-03 -2.459930899999999802e-03
3.802860316142504891e-03 3.784229699999999870e-03
-1.431478075392766600e-03 -1.408921000000000045e-03
3.949846125326587562e-03 3.977744899999999945e-03
3.380966694606566281e-03 3.421728599999999954e-03
2.406478268624021445e-04 2.266155899999999985e-04
1.500171855547473157e-03 1.511553099999999933e-03
5.386706082061659771e-04 5.317376599999999731e-04
-4.012407792797430088e-03 -4.011130600000000108e-03
3.780935991649402809e-03 3.779156399999999798e-03
-3.619514632487617727e-03 -3.583125700000000177e-03
4.984967251459732898e-04 5.063228900000000436e-04
5.176228914984624258e-03 5.179659500000000256e-03
4.864714907047814479e-03 4.853305999999999940e-03
1.749041385570794917e-03 1.740895099999999933e-03
4.532900468637749564e-03 4.521775199999999648e-03
1.358255099386869880e-03 1.368340499999999961e-03
-3.388116798528686361e-03 -3.390358999999999907e-03
1.901611977336128577e-03 1.902037999999999993e-03
8.561890581678466630e-04 8.499258699999999575e-04
2.440039439426396062e-03 2.454319500000000116e-03
-6.685334103154087944e-03 -6.719285400000000325e-03
3.560802229036989525e-03 3.550916299999999984e-03
-1.906218673792388959e-03 -1.886401599999999994e-03
-4.761496149521986417e-03 -4.742670299999999714e-03
-1.592592783961927156e-03 -1.593255600000000006e-03
-2.854914665569690570e-03 -2.870681800000000200e-03
2.963948067095936549e-03 2.966519600000000131e-03
-1.083610907363497531e-03 -1.118645599999999914e-03
-4.368947369557073940e-03 -4.351258900000000082e-03
-1.957048864128314337e-03 -1.952773199999999947e-03
3.331493370035257251e-03 3.342085900000000154e-03
-5.698428769047567989e-04 -5.765960700000000118e-04
1.980251169562012581e-03 1.964824300000000100e-03
-2.887438130654251724e-03 -2.900543399999999921e-03
1.639514501343173475e-03 1.622443000000000106e-03
1.486038527431344982e-03 1.469758999999999953e-03
-5.480777556466752062e-03 -5.476280800000000309e-03
7.567379816934543396e-04 7.426909399999999904e-04
-9.815714909637153593e-05 -8.524313499999999950e-05
-1.920435738273308874e-03 -1.910031599999999956e-03
5.376368487760272569e-03 5.351388399999999594e-03
-2.711529834284809488e-03 -2.695701899999999873e-03
-1.317735774445828647e-03 -1.297719300000000015e-03
3.918780656230801650e-03 3.916065399999999960e-03
2.987158129051268977e-03 2.991163700000000047e-03
-4.321266854081956890e-03 -4.344519600000000016e-03
8.481237978802875534e-04 8.587889499999999763e-04
2.887342447170941108e-03 2.904761000000000062e-03
2.143801114276600635e-03 2.165841899999999820e-03
-4.350406408145320730e-03 -4.335211299999999941e-03
-4.106053745784947820e-03 -4.105105399999999655e-03
4.426435662197534919e-03 4.419753799999999629e-03
1.778814719808705135e-03 1.746855799999999905e-03
-2.229685765061907403e-03 -2.201980200000000151e-03
2.046587490438460995e-03 2.067321899999999876e-03
-2.507855089755906940e-03 -2.464811700000000150e-03
-4.595920795813894684e-03 -4.610723300000000267e-03
-5.497716890856974709e-03 -5.521638799999999993e-03
2.317969826830178128e-03 2.291598599999999930e-03
-3.722644864425262486e-03 -3.716108899999999958e-03
3.034879008018393984e-03 3.037751200000000061e-03
2.196440411139825768e-03 2.193077600000000078e-03
1.696000688833305741e-03 1.712968600000000030e-03
7.467852441100368555e-03 7.464771799999999659e-03
1.248931975821506498e-03 1.242263599999999949e-03
3.114377050677424267e-03 3.078103200000000070e-03
-9.163239625730696747e-04 -9.238513199999999698e-04
-5.995630624258588455e-03 -5.995314899999999725e-03
1.176384169068851520e-03 1.179647399999999950e-03
1.893086780936032408e-03 1.880599099999999977e-03
-4.069894814200510948e-03 -4.046148099999999879e-03
-4.391761561337629259e-04 -4.452644299999999737e-04
2.045483324415796160e-03 2.025947900000000038e-03
-5.355797173613740386e-03 -5.369525499999999729e-03
2.449044212589227953e-03 2.456232400000000170e-03
3.845639256362138746e-04 4.177464800000000146e-04
-8.541670421248024215e-04 -8.397087200000000412e-04
-5.704225153692358587e-03 -5.736524899999999663e-03
2.664367100239151132e-03 2.660860200000000203e-03
3.674286955218609204e-03 3.676388599999999823e-03
3.144088231033893149e-03 3.146084099999999981e-03
-2.421050279974437409e-03 -2.427710899999999897e-03
1.727590667158092428e-03 1.751804600000000023e-03
2.773248145727130742e-03 2.800995699999999939e-03
-5.669770469967320460e-03 -5.699722200000000016e-03
-8.008623726093136604e-05 -8.129154000000000197e-05
-4.518809899644132995e-03 -4.522793899999999652e-03
6.861451296185686836e-04 6.852206999999999699e-04
2.566965581892251443e-03 2.549792800000000217e-03
1.577505781203109893e-03 1.588368400000000078e-03
2.195000662523544283e-04 2.012299199999999905e-04
6.168978690648749437e-03 6.176128900000000220e-03
-2.461344822401242559e-04 -2.363724599999999978e-04
-3.174731424661025175e-03 -3.177199800000000181e-03
1.089632747669955128e-03 1.106628599999999896e-03
-1.515206445294237959e-03 -1.511952300000000103e-03
-5.137491168564324931e-04 -5.425979800000000101e-04
-3.590665749673006661e-03 -3.562012900000000124e-03
-5.886415965042482434e-03 -5.868781499999999735e-03
-2.859594034704996714e-03 -2.841941000000000172e-03
2.824185296666476865e-03 2.825809199999999941e-03
1.405183257374591210e-03 1.425675699999999968e-03
-3.055497515062496026e-04 -2.941597799999999736e-04
-5.147021540051512946e-03 -5.158637599999999976e-03
1.839290524452278199e-03 1.870158200000000088e-03
2.482665337724859148e-03 2.493993500000000075e-03
2.558116119115225531e-03 2.519653499999999907e-03
-3.084553554201788922e-03 -3.110132800000000100e-03
-3.696178089406794952e-03 -3.658194500000000200e-03
-1.084618939135915386e-03 -1.104004499999999963e-03
1.382598055594596491e-03 1.375310499999999984e-03
1.507377496482248879e-04 1.648475299999999988e-04
2.486867656311483703e-03 2.463494000000000100e-03
5.390153352660396503e-04 5.461440800000000404e-04
-1.864351605825412175e-03 -1.837416300000000021e-03
2.386419518542532130e-03 2.368228500000000170e-03
-9.430781401634738548e-03 -9.435446599999999448e-03
-1.367796757129289068e-03 -1.360744899999999976e-03
-7.631517400242410383e-03 -7.675137799999999684e-03
-4.394624897632331932e-03 -4.393965300000000213e-03
2.291275068175480621e-03 2.294431500000000158e-03
1.707467633849645786e-03 1.721413100000000014e-03
-4.727533153095966369e-03 -4.723604499999999908e-03
4.524528353287834634e-03 4.502325199999999798e-03
-1.760480651185866762e-03 -1.756397899999999910e-03
5.814866432949945124e-03 5.823263999999999871e-03
-2.386226263108890116e-03 -2.381870400000000044e-03
4.388954886157023227e-03 4.448457999999999753e-03
2.041757617650379573e-03 1.981038799999999909e-03
-7.349875295373149188e-04 -7.566827499999999882e-04
3.623134702846651616e-03 3.622961300000000166e-03
3.865622194950964208e-03 3.858920200000000127e-03
-5.178418689785530514e-03 -5.198483400000000407e-03
-4.990707944980343150e-04 -5.011479799999999513e-04
5.888005776331047166e-03 5.922026900000000246e-03
-8.190802279361728911e-04 -8.201926100000000259e-04
3.174348411705418035e-03 3.202919600000000023e-03
-1.790776431608900963e-03 -1.808195100000000105e-03
3.644335230344370596e-03 3.668526000000000079e-03
-3.758869993351255170e-03 -3.752715800000000056e-03
3.031249424838444988e-03 3.028095499999999916e-03
3.453267874800923423e-03 3.460267999999999851e-03
2.019403712039775033e-04 1.660989600000000073e-04
2.821137671001722105e-03 2.947720599999999799e-03
-5.485452544748207517e-03 -5.500163800000000026e-03
-5.002045998517906482e-03 -4.953033100000000383e-03
2.232495894539357224e-03 2.249043200000000117e-03
1.753952335164475629e-03 1.738360800000000048e-03
5.685270108047310762e-03 5.656960499999999677e-03
-2.359701237720101055e-03 -2.463418099999999805e-03
2.093629283421428750e-03 2.184993999999999999e-03
-4.831159565205212295e-03 -4.785014899999999634e-03
-6.435135348129424407e-03 -6.417634000000000186e-03
-9.028220410183256280e-05 -1.204757900000000021e-04
-6.721848172813761884e-04 -6.965394300000000505e-04
-7.479442971795378751e-03 -7.538253200000000036e-03
8.707760110266042977e-03 8.701194799999999174e-03
-2.336415424574375330e-03 -2.264582299999999895e-03
5.405858371808080348e-03 5.431632999999999947e-03
-8.172598786550137407e-04 -8.785919499999999627e-04
-1.795513274985836068e-04 -1.050762800000000009e-04
1.100289017890134120e-02 1.098636799999999983e-02
-3.959322535815335171e-03 -4.085203199999999993e-03
1.767610420158337997e-03 1.733800699999999990e-03
1.223938382250231403e-03 1.245108499999999932e-03
6.168637147527664816e-03 6.120446400000000009e-03
-3.727652371668720242e-03 -3.733734900000000145e-03
-7.039085243534064923e-03 -6.996825299999999588e-03
-4.313775862448687715e-03 -4.237036199999999649e-03
-3.750275814317341819e-03 -3.704871399999999908e-03
-3.372854141983178469e-03 -3.397897200000000052e-03
3.509703963775471407e-05 3.121434899999999763e-05
3.894286503148815205e-05 4.617017400000000279e-05
-7.379105730440547843e-03 -7.402316299999999599e-03
2.184361892813689848e-03 2.292490400000000029e-03
5.753567243561332790e-03 5.742345599999999599e-03
-4.731126790881637735e-04 -4.151145400000000210e-04
-2.100227108655674819e-03 -2.000866899999999889e-03
2.062735823629183087e-03 2.051487399999999978e-03
4.141147124772330025e-03 4.173917699999999883e-03
-3.271839148448368526e-03 -3.240941599999999992e-03
9.714279512431999537e-05 8.759536899999999335e-05
-3.854416082070370297e-03 -3.819679700000000108e-03
-2.535056713051959867e-03 -2.593632199999999863e-03
4.207102730768706722e-03 4.180635099999999854e-03
-1.330294019414970377e-03 -1.221729200000000026e-03
-3.604761578296336762e-03 -3.645236599999999820e-03
9.444819879042384153e-03 9.474446299999999752e-03
1.308086239991882295e-04 1.527271300000000124e-04
-1.507367647210823471e-03 -1.433175999999999981e-03
-1.363138640960428409e-04 -1.537062300000000112e-04
-1.164734099498327064e-03 -1.218973500000000102e-03
-2.203383991985410212e-03 -2.248567600000000131e-03
3.879534242873916312e-03 3.895869900000000028e-03
3.918796380102832454e-03 3.802597899999999882e-03
3.407311717671882966e-03 3.393636700000000027e-03
3.764584580060475853e-03 3.679612499999999811e-03
7.397970503359502757e-03 7.409337999999999688e-03
-3.746931858147275628e-05 7.807473400000000620e-05
-4.509437321361243860e-03 -4.558446600000000057e-03
-2.953345872486757336e-03 -2.931697899999999909e-03
2.794173341988781642e-04 1.948218299999999873e-04
-6.830648984962030485e-04 -7.162208899999999642e-04
-3.725698998365396374e-03 -3.777693400000000073e-03
4.163565342409471584e-03 4.156942200000000344e-03
-9.491358015493535361e-03 -9.476639800000000516e-03
1.386667176823581449e-03 1.357210300000000073e-03
1.892372393257700080e-03 1.885731999999999990e-03
-2.561076276869844130e-04 -2.640325600000000212e-04
5.419414097771208666e-03 5.344627599999999569e-03
7.099621797137516122e-03 7.107880999999999921e-03
-5.259012231707417551e-03 -5.298907900000000143e-03
3.293273121461522904e-03 3.236229900000000062e-03
-6.625138122869754119e-04 -6.772918499999999687e-04
1.943486367021660154e-03 1.995968900000000181e-03
-1.497303911229613208e-06 2.418961900000000161e-05
-4.565448419680260758e-03 -4.596875200000000335e-03
-2.397967529847420259e-03 -2.394848800000000041e-03
-8.082128510289289611e-04 -7.594790799999999757e-04
-2.627473932976324630e-03 -2.627730200000000065e-03
4.586710807546344817e-03 4.560762599999999660e-03
2.239479575446212331e-06 0.000000000000000000e+00
-4.091704146633374541e-06 0.000000000000000000e+00
1.038609209965052956e-06 0.000000000000000000e+00
-4.761049259284055434e-05 -1.165694700000000039e-05
-3.573695000898619717e-03 -3.621888499999999927e-03
-5.770994218950576196e-03 -5.799098299999999595e-03
-4.160842753067138695e-03 -4.130719500000000315e-03
3.047997681836641173e-03 3.141467099999999818e-03
8.577537522582740631e-03 8.555029000000000453e-03
-8.499196208875100036e-03 -8.497738300000000009e-03
-5.319657625396182095e-03 -5.428410100000000300e-03
-6.002278387660237892e-03 -5.967550400000000421e-03
-5.132585975525411591e-03 -5.087043700000000099e-03
-4.448695600760047518e-03 -4.391201299999999627e-03
-6.857760445991997961e-04 -6.258121999999999643e-04
-6.880163263783339693e-03 -6.900411999999999865e-03
1.062273393061487561e-02 1.061263200000000032e-02
3.664689481925379865e-03 3.588933600000000085e-03
7.187289196894849734e-03 7.231879899999999958e-03
-1.924809485543061902e-03 -2.036731400000000095e-03
7.066974979836506375e-03 7.108087699999999717e-03
9.705222175926769140e-03 9.686987600000000406e-03
-4.376155115727502730e-03 -4.385248700000000249e-03
-1.510370713004014149e-03 -1.498579799999999939e-03
3.944445633349086267e-03 3.904240499999999964e-03
6.295191095542092795e-03 6.289861300000000426e-03
-1.727930817304620600e-03 -1.682635100000000068e-03
-7.457696192344843815e-03 -7.418801499999999778e-03
-1.730379524222804260e-03 -1.706239399999999939e-03
-4.813700380909025425e-03 -4.815346699999999668e-03
-1.345563073215820700e-03 -1.344215599999999938e-03
7.095645753313143669e-04 6.934935799999999550e-04
-4.366520273390337749e-03 -4.331568499999999787e-03
3.689402942473720207e-04 3.279597799999999820e-04
2.642158121379971965e-03 2.657652899999999804e-03
7.558964044431571751e-03 7.546390099999999643e-03
8.724595597938379285e-03 8.788527299999999640e-03
3.808318729423271556e-03 3.805908000000000208e-03
-1.653334871857141831e-03 -1.566009500000000105e-03
9.256808959912313098e-04 9.643094600000000046e-04
3.537524279257238651e-03 3.457956299999999979e-03
-1.944199849910457738e-03 -1.995121099999999908e-03
-2.979249469232672903e-03 -3.010443099999999834e-03
-2.443621321124374041e-03 -2.377972999999999806e-03
2.735144984755316470e-03 2.734115400000000206e-03
-2.592855182274592801e-03 -2.635759599999999876e-03
-8.418577486851942446e-03 -8.370094300000000334e-03
2.388323433037888022e-03 2.389085100000000027e-03
3.028938249370395110e-03 2.988066000000000159e-03
-3.851619222141351023e-03 -3.933745300000000313e-03
5.396728254455997013e-03 5.386562999999999594e-03
-5.346471389987909363e-03 -5.419042399999999919e-03
3.400171981614414328e-03 3.473480399999999847e-03
-2.834809658051323268e-03 -2.846522599999999972e-03
7.264152197987525962e-03 7.249998900000000426e-03
9.928633993855108530e-04 1.090241899999999913e-03
-7.199404842619399779e-04 -6.876995000000000113e-04
7.593616390880902380e-03 7.622102399999999660e-03
-3.603390366112257633e-04 -4.754402900000000219e-04
2.699217721338060096e-04 2.549288300000000134e-04
2.844622727453129194e-03 2.828393099999999827e-03
-3.659340934293455177e-03 -3.610335399999999809e-03
1.248483170393019674e-03 1.276006000000000102e-03
-3.418991643346413166e-03 -3.554277399999999920e-03
2.651808922830331539e-03 2.589301000000000016e-03
-1.202672220545188825e-02 -1.199284299999999956e-02
2.764038911729453565e-03 2.807505000000000070e-03
2.068420333134213425e-03 2.122170100000000080e-03
-1.551291749305264535e-03 -1.570667499999999937e-03
-4.744290999713844659e-03 -4.711593899999999904e-03
2.612665783116211327e-03 2.620342500000000067e-03
3.285335230342336689e-03 3.356173300000000158e-03
4.042569858075039171e-03 4.056684700000000310e-03
4.204529392488028441e-03 4.229921200000000270e-03
5.825812771726310985e-03 5.778877600000000177e-03
-2.868022027056404879e-03 -2.830573199999999925e-03
-2.448641234288159718e-03 -2.471344900000000191e-03
-6.435876228198473235e-03 -6.503538900000000421e-03
-2.919747061152841352e-03 -2.904377499999999824e-03
-4.036500705764234538e-03 -3.975776099999999910e-03
4.025814178172150599e-03 3.908803899999999630e-03
-8.263189287033474457e-07 0.000000000000000000e+00
-1.915987230851170283e-06 0.000000000000000000e+00
1.547665424300476850e-08 0.000000000000000000e+00
2.677072356411708265e-03 2.576879499999999972e-03
-9.783574376388009045e-03 -9.749538400000000438e-03
-1.114720676974864004e-03 -1.109268199999999911e-03
1.944101264248383103e-03 1.997020400000000095e-03
9.699568298241145747e-03 9.617536600000000518e-03
5.161848319656084719e-03 5.158530300000000249e-03
-6.727995094648263688e-03 -6.787108499999999767e-03
-2.105554951611943258e-03 -2.253881399999999816e-03
-3.369230807743168327e-03 -3.384624599999999910e-03
3.078661050034698071e-03 3.047301100000000124e-03
-7.776239390457570250e-04 -7.464659400000000144e-04
-6.363430654515141519e-04 -7.115821200000000540e-04
-2.575546061356048019e-03 -2.512676100000000180e-03
4.600687415585193868e-03 4.596059399999999698e-03
6.311120020830341282e-04 7.466434299999999760e-04
4.771008703541159551e-03 4.763553599999999569e-03
3.285755588178702804e-03 3.310681599999999985e-03
1.064584067507961390e-02 1.057146999999999948e-02
1.997551901145486978e-03 1.945340700000000068e-03
-4.631909782356401911e-03 -4.570901399999999747e-03
-5.665397929789948127e-03 -5.765818899999999685e-03
-5.763546791731056183e-03 -5.702554500000000040e-03
-1.824514922702753783e-03 -1.749736200000000068e-03
-4.485497160434183048e-03 -4.359406599999999903e-03
-7.700417565294270794e-03 -7.772574299999999645e-03
-8.371690561845742881e-03 -8.401884000000000088e-03
3.747630221463831707e-03 3.614009599999999829e-03
-3.947874588731688922e-03 -3.963416899999999861e-03
1.194832008405158786e-03 1.116759699999999959e-03
1.058613860037655808e-03 1.099596499999999947e-03
-7.960143687127128886e-03 -7.931664399999999865e-03
-2.968146136755467259e-03 -2.879901399999999952e-03
1.993806474306304612e-03 2.041278799999999942e-03
7.186893841507829318e-03 7.167275600000000066e-03
3.347980337132330699e-03 3.371656499999999956e-03
2.835102174493276967e-03 2.822719400000000146e-03
4.805911196405618716e-03 4.808001899999999988e-03
-4.956075645946416038e-03 -4.993767199999999719e-03
2.395232389289149704e-03 2.399801799999999857e-03
3.454711176784192820e-03 3.476137099999999838e-03
2.580813541196972163e-03 2.593617900000000191e-03
-5.448167923980146155e-03 -5.492800499999999676e-03
-6.115971388270980899e-03 -6.283831600000000343e-03
-2.923645867376332974e-03 -2.955066599999999887e-03
4.133724524866488892e-03 4.121424700000000073e-03
-1.105565858142661291e-03 -1.116620700000000048e-03
-4.254518866363138775e-04 -4.481810000000000242e-04
-5.418400988268813438e-03 -5.415271000000000147e-03
3.817486277880040735e-03 3.845031300000000159e-03
4.806902761453074255e-03 4.866042000000000110e-03
3.974342082223249542e-03 4.045739900000000326e-03
1.191822118248832447e-02 1.204316599999999925e-02
6.969550580870255245e-03 6.974121500000000397e-03
9.208970469210117291e-05 1.500669400000000076e-04
6.058233359682802313e-03 6.094786999999999948e-03
4.741794280541641697e-03 4.794482099999999684e-03
-4.664455257442497518e-03 -4.674805199999999827e-03
1.285901295201415714e-03 1.309299899999999970e-03
-5.265328312843963084e-03 -5.231683800000000266e-03
1.885199092687602548e-03 1.786917100000000097e-03
-3.492942934341831517e-03 -3.483127099999999959e-03
1.917877418241536146e-03 1.891816699999999962e-03
-2.493195064562385519e-03 -2.493934699999999973e-03
-3.343769743680354185e-03 -3.265927499999999803e-03
-1.762496740089646149e-03 -1.804399200000000002e-03
1.017641863067829183e-05 -4.184496000000000060e-05
-4.239565576192794692e-03 -4.191053000000000139e-03
-1.493818738933606199e-03 -1.468896599999999905e-03
2.755154830283724262e-03 2.773246999999999952e-03
-2.347746246924092665e-03 -2.269759899999999973e-03
2.563335705821059938e-03 2.598307900000000094e-03
-5.183778188887756128e-03 -5.117799999999999606e-03
-1.081568778426385182e-03 -1.144290299999999950e-03
1.867947823995007219e-03 1.876575799999999957e-03
-2.668265693161359867e-03 -2.598225999999999921e-03
3.405824364598287329e-03 3.350810300000000175e-03
-2.853297251480546321e-04 -3.533545999999999931e-04
-1.729231492668665377e-04 -1.660624499999999875e-04
1.076203376972843101e-06 0.000000000000000000e+00
-1.884298871153802270e-06 0.000000000000000000e+00
5.032471276727686939e-07 0.000000000000000000e+00
3.513084479487157095e-03 3.535726099999999920e-03
-4.855838806341271872e-03 -4.959296200000000258e-03
-8.634137111639758264e-03 -8.683695300000000492e-03
4.159330969234870459e-03 4.230970100000000164e-03
1.092937789881653736e-02 1.089771699999999947e-02
9.681579303411225884e-03 9.657549099999999248e-03
-1.622946302365887647e-03 -1.577936600000000040e-03
3.178657947789255271e-04 2.156848899999999983e-04
-5.875483385001582619e-03 -5.896753999999999711e-03
2.631744224636314421e-03 2.577243600000000100e-03
-5.043515981669723092e-03 -4.942629300000000135e-03
2.100868749058116842e-03 2.127182400000000168e-03
-3.136860279594156850e-03 -3.137660799999999854e-03
9.183764325542962889e-03 9.163576700000000338e-03
8.744591609758928371e-04 8.865477899999999953e-04
2.711812560009358407e-03 2.698674700000000103e-03
1.306948515407080997e-03 1.341655499999999928e-03
8.526447887602305389e-03 8.568445600000000259e-03
4.013577204486638503e-03 3.948843599999999829e-03
-3.172563936163904849e-03 -3.178753299999999976e-03
-4.804490046037741997e-03 -4.900777400000000394e-03
-6.562620718897987059e-03 -6.572505699999999992e-03
-2.119716378958838056e-03 -2.051050699999999814e-03
-5.907886688869455616e-03 -5.921464799999999820e-03
-4.875104404904274068e-03 -4.878234399999999658e-03
-6.456891649006578707e-03 -6.450467199999999728e-03
2.276947033729115940e-03 2.181455000000000113e-03
-4.866474838318252463e-03 -4.871913500000000022e-03
-2.073106087118519662e-06 -4.322931400000000127e-06
-6.760530715246317306e-05 -3.593862000000000320e-05
-8.669289509146261771e-03 -8.787230800000000314e-03
-5.084014244502475105e-03 -5.032583799999999601e-03
4.368978990616863636e-03 4.429784499999999715e-03
5.270432529231831994e-04 5.171157900000000534e-04
-4.569031209090362519e-03 -4.613381399999999868e-03
-1.129263697533586588e-03 -1.149851799999999967e-03
1.888435367635508564e-03 1.816038399999999990e-03
-2.594016565535290243e-03 -2.520871799999999888e-03
7.846772085967431212e-03 7.822806499999999594e-03
-5.191730853912939793e-03 -5.163799799999999572e-03
-8.187994394046789210e-04 -7.960518800000000467e-04
9.947163975151645382e-04 1.038145600000000071e-03
-3.476517499348551806e-03 -3.475230299999999828e-03
-3.406769959166852310e-03 -3.388704499999999932e-03
2.957965977302710880e-03 2.985923200000000204e-03
-1.012320211972953877e-03 -1.029961600000000015e-03
-2.980170953546553651e-03 -2.947214599999999855e-03
-1.244501594577978286e-03 -1.233201200000000027e-03
1.969724436652740829e-03 2.007523599999999978e-03
-2.353541399515240561e-03 -2.334099000000000070e-03
5.965691166354532976e-03 5.949361799999999638e-03
4.664179850023573298e-03 4.682435999999999890e-03
7.532420505696055951e-03 7.548100400000000432e-03
-5.557873092244722778e-03 -5.628895099999999679e-03
1.787535301296405395e-03 1.813402100000000017e-03
2.300253099624876858e-03 2.280400100000000169e-03
-9.594382336919204599e-03 -9.578688300000000669e-03
-2.182433604799363484e-03 -2.198940899999999796e-03
3.417434833124318675e-03 3.384332900000000185e-03
2.822451783573751583e-03 2.878175900000000051e-03
3.718627790981260482e-03 3.818929999999999894e-03
4.290972925829808320e-03 4.278094100000000115e-03
-6.843100167692886884e-04 -6.865477000000000472e-04
5.650614563607899050e-03 5.644804100000000262e-03
-3.223568389592161056e-03 -3.210282999999999973e-03
1.752732346799381485e-04 1.518132000000000053e-04
1.614532687397223030e-03 1.576438400000000021e-03
-2.675433574842744108e-04 -2.958608400000000077e-04
-4.240528335100437335e-03 -4.201993700000000026e-03
2.110337134078535545e-04 2.859203699999999853e-04
2.177393373225349621e-03 2.170609100000000027e-03
-4.310866740257349346e-03 -4.214002399999999815e-03
1.816774251322100017e-03 1.848086600000000074e-03
1.413506863959349729e-03 1.433391499999999959e-03
5.218534970224209067e-04 5.661566100000000072e-04
7.209881361526779883e-04 6.912611899999999802e-04
4.079254971803236880e-03 4.012008800000000340e-03
2.936143815037628967e-03 2.888462999999999968e-03
-2.740377046972021139e-06 0.000000000000000000e+00
-1.138008457299559580e-06 0.000000000000000000e+00
1.179108787652304383e-06 0.000000000000000000e+00
-3.237323551737820646e-07 0.000000000000000000e+00
-5.455761470354603300e-03 -5.457009199999999713e-03
-5.457566033019498226e-03 -5.457009199999999713e-03
-2.950425297942490513e-06 1.734723500000000182e-18
5.455630015481930349e-03 5.457009199999999713e-03
5.457157269196978751e-03 5.457009199999999713e-03
-5.454855872323613290e-03 -5.457009199999999713e-03
7.154584242202752882e-08 -1.734723500000000182e-18
-5.455623892900424328e-03 -5.457009199999999713e-03
-6.070806304249997147e-04 -6.125319800000000219e-04
-6.094194600651803295e-04 -6.125319800000000219e-04
6.150969232386817743e-04 6.125319800000000219e-04
-5.458369001076104725e-03 -5.457009199999999713e-03
5.457238310353476965e-03 5.457009199999999713e-03
-1.423796414239496600e-06 -4.336808700000000055e-19
5.454517244439256902e-03 5.457009199999999713e-03
-1.149521811497467735e-06 2.168404300000000014e-18
5.455199759901645934e-03 5.457009199999999713e-03
5.458067679429877417e-03 5.457009199999999713e-03
-5.457317089811760183e-03 -5.457009199999999713e-03
-2.829421703088936789e-06 4.336808700000000055e-19
6.139376440657184561e-04 6.125319800000000219e-04
6.115988144255376244e-04 6.125319800000000219e-04
-6.059213407719676522e-04 -6.125319800000000219e-04
-5.457768569524372969e-03 -5.457009199999999713e-03
-5.456732027436287345e-03 -5.457009199999999713e-03
-7.338465508390938684e-07 3.035766100000000119e-18
-6.108240577452331201e-04 -6.125319800000000219e-04
6.154588832931940550e-04 6.125319800000000219e-04
-6.097814201196040309e-04 -6.125319800000000219e-04
-5.457224888253974816e-03 -5.457009199999999713e-03
-6.184040211551164620e-07 0.000000000000000000e+00
5.457621451246457908e-03 5.457009199999999713e-03
6.152085295747236008e-04 6.125319800000000219e-04
-6.105737040267621239e-04 -6.125319800000000219e-04
-6.071922367609513356e-04 -6.125319800000000219e-04
6.089233396409785741e-04 6.125319800000000219e-04
6.065845100007977424e-04 6.125319800000000219e-04
6.099659772665608258e-04 6.125319800000000219e-04
-1.135828587378615983e-03 -1.149928699999999953e-03
3.846383849274587219e-07 -1.084762399999999980e-19
1.517615623904297573e-06 1.083641999999999965e-19
-2.419307507600102606e-06 -8.673617400000000111e-19
-5.456521478392116486e-03 -5.457009199999999713e-03
5.457954583472693008e-03 5.457009199999999713e-03
1.168274759306818121e-06 -1.084202199999999973e-19
-1.132694912424099878e-03 -1.149928699999999953e-03
1.517615623904304350e-06 1.084202199999999973e-19
1.168271615627870319e-06 1.084202199999999973e-19
3.846352412484990620e-07 -1.084202199999999973e-19
1.125087992359602353e-03 1.149928699999999953e-03
5.457452162311995231e-03 5.457009199999999713e-03
5.456607424059334993e-03 5.457009199999999713e-03
-3.519357039333006175e-06 -2.602085199999999874e-18
5.456945787279635085e-03 5.457009199999999713e-03
-4.595864753519544444e-07 4.336808700000000055e-19
-5.457999760326547219e-03 -5.457009199999999713e-03
6.101942167452691860e-04 6.125319800000000219e-04
-6.055593807176039073e-04 -6.125319800000000219e-04
6.112368543710989610e-04 6.125319800000000219e-04
-8.548646729475213628e-07 4.336808700000000055e-19
5.456449550429467131e-03 5.457009199999999713e-03
-5.458348261729035165e-03 -5.457009199999999713e-03
1.168274759309271128e-06 0.000000000000000000e+00
3.846383849299049530e-07 0.000000000000000000e+00
-1.137225562753700148e-03 -1.149928699999999953e-03
1.168271615641700673e-06 0.000000000000000000e+00
1.129618642689323837e-03 1.149928699999999953e-03
1.517612480305865336e-06 0.000000000000000000e+00
-6.058097344360744698e-04 -6.125319800000000219e-04
6.104445704637401823e-04 6.125319800000000219e-04
6.138260377297510059e-04 6.125319800000000219e-04
1.126484967734807732e-03 1.149928699999999953e-03
3.846352412623209457e-07 -9.944434000000000682e-22
1.517612480305865336e-06 -9.944434000000000682e-22
-6.120949275894985771e-04 -6.125319800000000219e-04
-6.144337572296795173e-04 -6.125319800000000219e-04
-6.110522899638832573e-04 -6.125319800000000219e-04
-1.374080730143850193e-10 0.000000000000000000e+00
-4.523791633057720254e-11 0.000000000000000000e+00
-1.784970378074121264e-10 0.000000000000000000e+00
9.688970671462078413e-07 -5.082197699999999892e-21
-1.823892028368829556e-05 -1.472144300000000033e-05
-2.002386521430567223e-05 -1.472144300000000033e-05
-2.196926903685780699e-06 -1.694065899999999839e-21
1.481097317085848910e-05 1.472144300000000033e-05
1.675855300281109623e-05 1.472144300000000033e-05
-1.876719925860727278e-05 -1.472144300000000033e-05
1.154443325906830771e-06 -2.541098800000000163e-21
-2.119028220418821881e-05 -1.472144300000000033e-05
8.473566633545010862e-05 8.233557099999999889e-05
8.600885767168719130e-05 8.233557099999999889e-05
-7.631705609575597810e-05 -8.233557099999999889e-05
-2.100068563939888947e-05 -1.472144300000000033e-05
2.191258433469523044e-05 1.472144300000000033e-05
-1.987864117347700480e-06 -2.541098800000000163e-21
1.573228661885711145e-05 1.472144300000000033e-05
-3.017394942668421415e-06 8.470329499999999569e-21
1.841130538245464542e-05 1.472144300000000033e-05
2.166748079281434876e-05 1.472144300000000033e-05
-2.212515904411205698e-05 -1.472144300000000033e-05
-9.818498196035660842e-07 0.000000000000000000e+00
-8.007983197101370529e-05 -8.233557099999999889e-05
-7.880664063477683945e-05 -8.233557099999999889e-05
8.849644758300126185e-05 8.233557099999999889e-05
-2.103072230435305487e-05 -1.472144300000000033e-05
-2.166886031931521475e-05 -1.472144300000000033e-05
9.636466732977123657e-07 8.470329499999999193e-22
8.227877622380189680e-05 8.233557099999999889e-05
-7.607949409641626202e-05 -8.233557099999999889e-05
8.577129567235541700e-05 8.233557099999999889e-05
-1.871949729039433725e-05 -1.472144300000000033e-05
-1.797067464734580691e-06 0.000000000000000000e+00
2.157897581756882776e-05 1.472144300000000033e-05
-7.594320875956527255e-05 -8.233557099999999889e-05
8.214249088695035168e-05 8.233557099999999889e-05
8.436181899926754814e-05 8.233557099999999889e-05
-8.667160568447018656e-05 -8.233557099999999889e-05
-8.539841434823355112e-05 -8.233557099999999889e-05
-8.317908623592916179e-05 -8.233557099999999889e-05
2.323198938403218364e-04 2.548347600000000057e-04
1.251349705965898332e-06 9.597316499999999674e-23
1.994946505731127269e-06 9.597316499999999674e-23
-9.765994257512691248e-07 3.388131799999999677e-21
-1.934279474155768479e-05 -1.472144300000000033e-05
2.156413525376864662e-05 1.472144300000000033e-05
8.247606866205736415e-07 0.000000000000000000e+00
2.306140116614187091e-04 2.548347600000000057e-04
1.994946505731127269e-06 0.000000000000000000e+00
8.254077777433852447e-07 0.000000000000000000e+00
1.251996797088554081e-06 0.000000000000000000e+00
-2.435982056220708375e-04 -2.548347600000000057e-04
1.884355169032649835e-05 1.472144300000000033e-05
1.957499062195806579e-05 1.472144300000000033e-05
-3.933344555013184115e-06 5.082197699999999892e-21
2.023403446950054665e-05 1.472144300000000033e-05
-6.590020729480906055e-08 -4.235164699999999626e-21
-2.247665765142399345e-05 -1.472144300000000033e-05
-8.253672208257420515e-05 -8.233557099999999889e-05
8.873400958246574250e-05 8.233557099999999889e-05
-7.904420263410007566e-05 -8.233557099999999889e-05
-2.514464660557369220e-07 2.541098800000000163e-21
2.046429744757943792e-05 1.472144300000000033e-05
-2.197548169785406831e-05 -1.472144300000000033e-05
8.247606866404416464e-07 0.000000000000000000e+00
1.251349705985888309e-06 0.000000000000000000e+00
2.276404505254788304e-04 2.548347600000000057e-04
8.254077777292838402e-07 2.710505399999999916e-20
-2.406246444862125992e-04 -2.548347600000000057e-04
1.995593596784719340e-06 -2.710505399999999916e-20
8.887029491931662355e-05 8.233557099999999889e-05
-8.267300741942467963e-05 -8.233557099999999889e-05
-8.045367930718772768e-05 -8.233557099999999889e-05
-2.389187623073093093e-04 -2.548347600000000057e-04
1.251996797074588202e-06 1.647969899999999919e-22
1.995593596784773550e-06 1.647969899999999919e-22
7.814244231452900928e-05 8.233557099999999889e-05
7.941563365076618683e-05 8.233557099999999889e-05
8.163496176306768947e-05 8.233557099999999889e-05
-1.083349108121564597e-10 0.000000000000000000e+00
-1.643440314391675372e-10 0.000000000000000000e+00
-2.619745800500061783e-10 0.000000000000000000e+00
1.201608161401959403e-06 -8.673617400000000111e-19
-3.999399447344023639e-03 -3.999726799999999728e-03
-3.999653591201228313e-03 -3.999726799999999728e-03
-4.674115852377248327e-06 8.673617400000000111e-19
3.998085535894913695e-03 3.999726799999999728e-03
3.998328417895703930e-03 3.999726799999999728e-03
-3.999860173867414437e-03 -3.999726799999999728e-03
1.152752117936255215e-06 0.000000000000000000e+00
-4.000861193494675665e-03 -3.999726799999999728e-03
-4.041910809573961484e-04 -4.063925100000000167e-04
-4.032916930157812207e-04 -4.063925100000000167e-04
4.137967191712589696e-04 4.063925100000000167e-04
-4.002974449813007443e-03 -3.999726799999999728e-03
4.003510021006553322e-03 3.999726799999999728e-03
-2.540405520629071011e-06 -4.336808700000000055e-19
3.998677821051335388e-03 3.999726799999999728e-03
-5.365991453779522065e-06 4.336808700000000055e-19
3.999630429262415222e-03 3.999726799999999728e-03
4.002894703869521592e-03 3.999726799999999728e-03
-4.003815734656330540e-03 -3.999726799999999728e-03
-1.897385962692440476e-06 -4.336808700000000055e-19
4.082578736560425075e-04 4.063925100000000167e-04
4.091572615976573268e-04 4.063925100000000167e-04
-3.986543212240221219e-04 -4.063925100000000167e-04
-4.000235752720018682e-03 -3.999726799999999728e-03
-4.000982628490077839e-03 -3.999726799999999728e-03
1.116741316450209224e-06 1.301042599999999937e-18
-4.044929145636985929e-04 -4.063925100000000167e-04
4.138259041130842473e-04 4.063925100000000167e-04
-4.033208779576065526e-04 -4.063925100000000167e-04
-4.002744851413210687e-03 -3.999726799999999728e-03
-2.504394719143034761e-06 -4.336808700000000055e-19
4.003523304607546802e-03 3.999726799999999728e-03
4.139221766725142905e-04 4.063925100000000167e-04
-4.045891871231287445e-04 -4.063925100000000167e-04
-4.043165384586516319e-04 -4.063925100000000167e-04
4.022935115241517770e-04 4.063925100000000167e-04
4.031928994657665963e-04 4.063925100000000167e-04
4.034655481302441425e-04 4.063925100000000167e-04
-6.956489441095073606e-04 -6.935723499999999495e-04
1.713710097444775193e-06 1.607286699999999930e-22
1.805062373489023961e-06 1.607286699999999930e-22
-1.812519117741056638e-06 4.336808700000000055e-19
-4.003020184176227583e-03 -3.999726799999999728e-03
4.003051761600503675e-03 3.999726799999999728e-03
1.412365744004431313e-06 -5.421010899999999547e-20
-6.968539867593062003e-04 -6.935723499999999495e-04
1.805062373488996856e-06 5.421010899999999547e-20
1.413004529181095305e-06 0.000000000000000000e+00
1.714348882621405303e-06 0.000000000000000000e+00
6.827802514546869525e-04 6.935723499999999495e-04
3.999082019931571308e-03 3.999726799999999728e-03
3.999791746141860040e-03 3.999726799999999728e-03
-5.554532799775667884e-06 -4.336808700000000055e-19
4.002693725497355644e-03 3.999726799999999728e-03
-1.708844616696208259e-06 -8.673617400000000111e-19
-4.003868900141366663e-03 -3.999726799999999728e-03
4.079560400497393041e-04 4.063925100000000167e-04
-3.986251362821967899e-04 -4.063925100000000167e-04
4.091280766558317780e-04 4.063925100000000167e-04
-1.659988573230969092e-06 0.000000000000000000e+00
4.002837499627339909e-03 3.999726799999999728e-03
-4.003302948061061330e-03 -3.999726799999999728e-03
1.412365744004424536e-06 0.000000000000000000e+00
1.713710097444768416e-06 0.000000000000000000e+00
-6.972192943800818417e-04 -6.935723499999999495e-04
1.413004529181081752e-06 0.000000000000000000e+00
6.831455590754627024e-04 6.935723499999999495e-04
1.805701158665674400e-06 0.000000000000000000e+00
-3.985288637227669094e-04 -4.063925100000000167e-04
4.078597674903089898e-04 4.063925100000000167e-04
4.081324161547866987e-04 4.063925100000000167e-04
6.843506017252616504e-04 6.935723499999999495e-04
1.714348882621439185e-06 -1.318054200000000066e-21
1.805701158665633742e-06 -1.318054200000000066e-21
-4.101569062890739604e-04 -4.063925100000000167e-04
-4.092575183474590327e-04 -4.063925100000000167e-04
-4.089848696829819202e-04 -4.063925100000000167e-04
-1.712220989991131148e-10 0.000000000000000000e+00
-2.077460246473379624e-10 0.000000000000000000e+00
-2.188182222223611362e-10 0.000000000000000000e+00
2.125019552477337551e-06 3.388131799999999677e-21
-1.879949389254156368e-05 -1.487752900000000045e-05
-1.901693390540955785e-05 -1.487752900000000045e-05
-4.257867395266340957e-06 0.000000000000000000e+00
1.490639951604001093e-05 1.487752900000000045e-05
1.514080072844917061e-05 1.487752900000000045e-05
-1.937384963495228374e-05 -1.487752900000000045e-05
2.286942560213078217e-06 -1.694065899999999839e-21
-2.059199723570821587e-05 -1.487752900000000045e-05
8.444543528023145057e-05 8.234070500000000297e-05
8.567708571042737561e-05 8.234070500000000297e-05
-7.442744960121206550e-05 -8.234070500000000297e-05
-2.115380235665501258e-05 -1.487752900000000045e-05
2.255818586969701722e-05 1.487752900000000045e-05
-1.900264173502319966e-06 0.000000000000000000e+00
1.586096604409213380e-05 1.487752900000000045e-05
-5.033996344210312217e-06 5.929230599999999840e-21
1.718633159617351464e-05 1.487752900000000045e-05
2.193768906745435131e-05 1.487752900000000045e-05
-2.262497748196871109e-05 -1.487752900000000045e-05
-9.622122168225402780e-07 -2.541098800000000163e-21
-8.037007818509724934e-05 -8.234070500000000297e-05
-7.913842775490121588e-05 -8.234070500000000297e-05
9.038606752309301796e-05 8.234070500000000297e-05
-1.967990059343282215e-05 -1.487752900000000045e-05
-2.068060818131967592e-05 -1.487752900000000045e-05
2.294904992993225903e-06 -5.082197699999999892e-21
8.418920612511033739e-05 8.234070500000000297e-05
-7.440267425204405947e-05 -8.234070500000000297e-05
8.565231036126142957e-05 8.234070500000000297e-05
-2.090969274131914139e-05 -1.487752900000000045e-05
-1.908226606282404972e-06 -8.470329499999999193e-22
2.254847746677171518e-05 1.487752900000000045e-05
-7.427083554957392554e-05 -8.234070500000000297e-05
8.405736742264128766e-05 8.234070500000000297e-05
8.428882122859642769e-05 8.234070500000000297e-05
-8.672382602871551039e-05 -8.234070500000000297e-05
-8.549217559851923299e-05 -8.234070500000000297e-05
-8.526072179256420137e-05 -8.234070500000000297e-05
2.298888817872206663e-04 2.545620599999999837e-04
1.845357042206028871e-06 1.438487299999999989e-22
1.922906778287452982e-06 1.438487299999999989e-22
-1.132097657338950402e-06 -3.388131799999999677e-21
-2.140911748555555656e-05 -1.487752900000000045e-05
2.204719462311937922e-05 1.487752900000000045e-05
1.432686507747231431e-06 0.000000000000000000e+00
2.282386580857942654e-04 2.545620599999999837e-04
1.922906778287398772e-06 0.000000000000000000e+00
1.433334154653611615e-06 0.000000000000000000e+00
1.846004689112334517e-06 0.000000000000000000e+00
-2.433101170649949047e-04 -2.545620599999999837e-04
1.625542804798460299e-05 1.487752900000000045e-05
1.734639238765676994e-05 1.487752900000000045e-05
-5.157381383314142362e-06 5.929230599999999840e-21
2.178199049753216595e-05 1.487752900000000045e-05
-8.388271777186288186e-07 3.388131799999999677e-21
-2.268671892491494680e-05 -1.487752900000000045e-05
-8.062630734021847094e-05 -8.234070500000000297e-05
9.041084287225923505e-05 8.234070500000000297e-05
-7.916320310406737876e-05 -8.234070500000000297e-05
-1.000750185454467740e-06 0.000000000000000000e+00
2.190120445612398669e-05 1.487752900000000045e-05
-2.171496854383495295e-05 -1.487752900000000045e-05
1.432686507747217878e-06 0.000000000000000000e+00
1.845357042206001766e-06 0.000000000000000000e+00
2.279285452916046391e-04 2.545620599999999837e-04
1.433334154653591287e-06 -5.421010899999999547e-20
-2.430000042708054409e-04 -2.545620599999999837e-04
1.923554425193717970e-06 5.421010899999999547e-20
9.054268157472839321e-05 8.234070500000000297e-05
-8.075814604268719541e-05 -8.234070500000000297e-05
-8.052669223673227222e-05 -8.234070500000000297e-05
-2.413497805693790672e-04 -2.545620599999999837e-04
1.846004689112375175e-06 5.576808499999999850e-23
1.923554425193717970e-06 5.576808499999999850e-23
7.809023588344842740e-05 8.234070500000000297e-05
7.932188631364485388e-05 8.234070500000000297e-05
7.955334011959979063e-05 8.234070500000000297e-05
-1.881471144247331972e-10 0.000000000000000000e+00
-2.423286911846372904e-10 0.000000000000000000e+00
-2.525105827558271621e-10 0.000000000000000000e+00
