7.151739102471342232e-04 7.269750099999999987e-04
1.229419775240230721e-04 9.603126199999999929e-05
3.891948891794928811e-03 3.884020100000000215e-03
3.431148559279842674e-03 3.427355200000000053e-03
-4.477299161352341766e-03 -4.469463499999999645e-03
3.733104361080735517e-04 3.916349800000000123e-04
-1.713039354777029554e-03 -1.725247399999999985e-03
-3.798028863791903624e-03 -3.794366600000000176e-03
7.482080104236744997e-04 7.580220800000000200e-04
-4.718450931226674666e-03 -4.683313100000000180e-03
3.234879501718013455e-03 3.237040999999999964e-03
1.825184273905035900e-03 1.845632000000000045e-03
-6.347746827337207021e-03 -6.322221000000000264e-03
7.024495789592170034e-04 7.293256100000000165e-04
-1.897603014345230175e-03 -1.898232900000000004e-03
1.931986620084110047e-03 1.953809500000000098e-03
2.723364732857535761e-03 2.698354300000000133e-03
-4.799077760804313329e-03 -4.812963699999999768e-03
3.737216351369681850e-03 3.730322700000000130e-03
1.371933282451197073e-03 1.371499399999999902e-03
1.195850514660099488e-04 1.056959000000000056e-04
3.110066446880627427e-03 3.106197399999999914e-03
-1.487417029943686629e-03 -1.475747699999999931e-03
3.802553357054314683e-03 3.800733599999999920e-03
3.402212000546758763e-03 3.391388600000000159e-03
2.190445329971699336e-03 2.191802499999999810e-03
-7.488665745347792852e-04 -7.273409000000000211e-04
-6.177577793474259239e-04 -5.931403399999999725e-04
-1.985601022143458974e-03 -1.968800799999999990e-03
-1.354457965099076277e-03 -1.341554800000000066e-03
-3.022629238303140009e-03 -2.999949300000000121e-03
-2.585982888367949206e-03 -2.589704400000000101e-03
-3.360563140096785740e-03 -3.348244499999999957e-03
3.994965118967076269e-03 4.001122200000000254e-03
5.674523662437225627e-03 5.704409700000000367e-03
4.852459439292172889e-03 4.839959599999999786e-03
3.947190505551498828e-03 3.918476399999999867e-03
-2.085506768995552124e-03 -2.101290100000000050e-03
-1.317626263853550735e-04 -1.335832900000000049e-04
9.173434491443474082e-04 9.062027700000000081e-04
-2.986301675612180800e-04 -3.412264500000000201e-04
6.327738389844145099e-03 6.322527799999999934e-03
-1.025759045160290874e-03 -1.027651099999999902e-03
-3.641003953602307223e-03 -3.653727500000000013e-03
-4.636116153442642294e-03 -4.619589300000000003e-03
-2.668142090839665734e-03 -2.683711699999999888e-03
-1.529372598524413604e-03 -1.515182699999999922e-03
2.762896331571163683e-03 2.747082000000000083e-03
1.114799578696934641e-03 1.119997800000000019e-03
3.919819167940316769e-03 3.921398100000000018e-03
-4.814435006814292775e-03 -4.823294799999999945e-03
-5.785114367401264631e-04 -5.777252899999999955e-04
2.950310016840709208e-03 2.947771999999999979e-03
-1.463069777410075335e-04 -1.481467700000000005e-04
4.627214935221292055e-03 4.616252000000000376e-03
-1.615329513923616971e-03 -1.620963200000000073e-03
1.910698508820857743e-04 1.707915000000000062e-04
-1.806939168474611026e-03 -1.838227100000000037e-03
6.351829577231956486e-03 6.368044100000000256e-03
-4.512550063684906895e-03 -4.531514700000000180e-03
-3.728730566005292093e-03 -3.747299200000000011e-03
-4.383246077361947074e-03 -4.358605500000000375e-03
4.691429170678301243e-04 4.498718599999999954e-04
5.654121162506946718e-04 5.610444900000000111e-04
2.586450384568791862e-03 2.561658799999999916e-03
-1.142724999415539820e-03 -1.132206200000000036e-03
2.317498502426952340e-03 2.308070900000000047e-03
-1.035915529276706763e-03 -1.050167399999999990e-03
-1.953043414076282170e-03 -1.961065599999999888e-03
-7.484411603232376219e-04 -7.616923700000000508e-04
3.619455703763896273e-03 3.644497599999999785e-03
5.994193819031270846e-04 6.076158500000000077e-04
-6.035782193138058450e-03 -6.010783500000000182e-03
-1.039280238181146095e-03 -1.037659600000000008e-03
4.460840190521221833e-03 4.475787900000000041e-03
-3.223203408993056875e-03 -3.216639099999999904e-03
1.764502979610025734e-03 1.760421000000000078e-03
1.732571694021035544e-03 1.730342200000000016e-03
2.422904832241317991e-03 2.420385699999999963e-03
-7.250292028090995870e-03 -7.255350100000000288e-03
-2.659420718544636998e-03 -2.651979999999999962e-03
1.019636518988167092e-03 1.015040600000000027e-03
-5.390524778628660732e-04 -5.220252399999999798e-04
-4.693252734246188343e-03 -4.672018400000000141e-03
1.545620302454045686e-03 1.563429999999999985e-03
-1.721963156755571163e-03 -1.727358299999999904e-03
3.587089175791464187e-03 3.576665200000000207e-03
3.379389431223671792e-04 3.289987300000000070e-04
3.592618448191051226e-03 3.594368699999999934e-03
-6.539022839887277585e-04 -6.795378799999999761e-04
3.584094158378502495e-03 3.560877300000000155e-03
-2.999687286781424142e-03 -3.006150799999999807e-03
2.619308920334380199e-03 2.619755799999999926e-03
-1.414453167534789621e-03 -1.400772200000000066e-03
1.812081237282567618e-03 1.827729099999999976e-03
-8.007883693935659514e-04 -7.922116200000000382e-04
-1.742058712990604108e-04 -1.470371100000000028e-04
4.157630537520968540e-03 4.143225199999999581e-03
-1.170772796222768319e-03 -1.145689099999999900e-03
1.243950739657348134e-03 1.259923399999999952e-03
-1.950547758353811346e-03 -1.938339500000000031e-03
1.300428081639328935e-03 1.308400799999999984e-03
-2.892451077978302077e-03 -2.916042099999999800e-03
-1.363395223022515921e-03 -1.344953199999999929e-03
2.718090765558463674e-03 2.729479800000000206e-03
-5.448674987642297511e-03 -5.445989699999999843e-03
-7.983400435972250360e-04 -7.970470600000000320e-04
1.757879230861438425e-03 1.716653700000000081e-03
-1.325889174931428735e-04 -1.157805400000000033e-04
-8.766866834801543109e-04 -8.526076500000000224e-04
2.600210602946603604e-03 2.607541100000000146e-03
-9.951784208429400778e-05 -1.009566400000000045e-04
-1.659805283808719455e-03 -1.656002900000000042e-03
-8.766857361449514061e-04 -9.137539799999999917e-04
-6.169748677529392905e-03 -6.162132899999999726e-03
-2.440068373492568134e-03 -2.429410400000000039e-03
2.806685344168253094e-03 2.819021000000000114e-03
-2.851887759165015138e-03 -2.844562499999999869e-03
2.148675357718030175e-03 2.149413800000000031e-03
-3.237902339209060981e-03 -3.263424000000000012e-03
-1.763326756352384976e-03 -1.718050199999999897e-03
-2.554305391797988354e-03 -2.562652500000000069e-03
4.256786156289330686e-03 4.280779400000000318e-03
-1.947686287728001920e-03 -1.924419699999999935e-03
-4.120664804892092332e-04 -4.155132599999999954e-04
-2.961382913322202839e-03 -2.968629999999999880e-03
-1.722749005798280674e-03 -1.715290400000000094e-03
-4.627045714419510299e-03 -4.593511599999999979e-03
-3.740341477995865111e-04 -3.882603000000000204e-04
-3.348075621403072389e-04 -3.210855600000000185e-04
-3.947706609560775598e-03 -3.938290599999999878e-03
3.170014644248882727e-04 2.964612100000000076e-04
3.688487310739068433e-03 3.682432299999999908e-03
2.964698506530234843e-03 2.993720699999999867e-03
8.057072984806408489e-03 8.028412199999999596e-03
1.141696075657941487e-03 1.131969100000000065e-03
4.356203204442411899e-04 4.175273900000000160e-04
2.574426605951750900e-03 2.593755300000000208e-03
3.360030605234709099e-03 3.357229499999999939e-03
4.207436173112752593e-03 4.208320300000000305e-03
-5.598488354761295416e-03 -5.618344100000000410e-03
4.315801314882870940e-04 4.266532500000000134e-04
-2.072995861604543574e-03 -2.084252699999999785e-03
-2.335080393155739096e-03 -2.311288600000000089e-03
-2.393044877841649185e-03 -2.404664200000000002e-03
-1.146818180694171617e-03 -1.154918800000000060e-03
7.434132736434807646e-04 7.486366099999999541e-04
-2.592198858976314541e-03 -2.598951600000000157e-03
5.229515677999409771e-03 5.207653199999999656e-03
-1.395152219956902933e-03 -1.391817799999999893e-03
1.064232968972615061e-03 1.061359499999999954e-03
3.794030003845635501e-03 3.762855500000000016e-03
-2.499071058506129473e-03 -2.474638800000000197e-03
3.750535356398394457e-03 3.740685000000000104e-03
4.454228363359238711e-03 4.449421000000000279e-03
-3.959705222966495956e-03 -3.939627799999999638e-03
4.064570831412831799e-03 3.998824100000000249e-03
-1.231160491794919699e-03 -1.255866600000000001e-03
-2.466524287847620192e-03 -2.437555699999999909e-03
4.704968288120652681e-03 4.688312400000000171e-03
-2.454889214111838098e-03 -2.475333699999999939e-03
-3.156499027432909136e-04 -3.287638699999999759e-04
-1.516679854542479474e-03 -1.632861499999999945e-03
-4.342078412613091347e-03 -4.492240300000000311e-03
-1.016482137526877015e-02 -1.023719499999999928e-02
-1.828040714777683616e-03 -1.893193899999999919e-03
5.875285181962326339e-03 5.820982300000000255e-03
4.889189356388773042e-03 4.942084299999999902e-03
-4.588773624924641532e-03 -4.637666099999999958e-03
2.215650554578231859e-03 2.369853199999999958e-03
-9.285340629295911821e-03 -9.087689499999999226e-03
2.167244817539641048e-03 2.139947000000000116e-03
-5.404615860756357450e-03 -5.453616399999999809e-03
3.504202888456714980e-03 3.462853100000000146e-03
-6.650059750774170095e-03 -6.687813699999999723e-03
1.172327661685235688e-02 1.166462600000000085e-02
-1.829165348073360500e-03 -1.844880699999999936e-03
9.018587061714614106e-03 9.050415100000000490e-03
6.410357885956239135e-03 6.423932599999999590e-03
6.839659457854547348e-03 6.861963500000000174e-03
7.338283728918989536e-03 7.405029100000000072e-03
-8.945188937947731386e-03 -8.997529000000000637e-03
2.041316952449162558e-03 2.034865299999999953e-03
6.825931347696148274e-03 6.864814599999999670e-03
1.223026798474271615e-03 1.172143700000000078e-03
-5.546122567495014206e-03 -5.553803099999999986e-03
-9.837332994061217736e-03 -9.819900200000000398e-03
-4.732159940763632465e-03 -4.639050900000000338e-03
9.838710078210524939e-04 9.251245099999999555e-04
-4.417504797704800701e-03 -4.377290600000000031e-03
3.152425569053553343e-03 3.151431200000000179e-03
-4.963105342122104725e-03 -4.998432700000000374e-03
-6.608257195855993943e-03 -6.575877100000000405e-03
6.961135317028766542e-04 7.205029000000000164e-04
9.465062456067669522e-03 9.474660899999999206e-03
5.330202918105241168e-03 5.316357899999999727e-03
-4.345940956652237855e-03 -4.351007999999999959e-03
5.658050429034974620e-03 5.618173599999999948e-03
1.369869399240300663e-04 1.611258699999999929e-04
3.976941320397846605e-03 3.987974299999999701e-03
-7.251631030045990137e-04 -7.277207200000000015e-04
-8.290990274759182238e-03 -8.335097499999999382e-03
-4.119870738529590216e-03 -4.110289300000000146e-03
4.421780123564146049e-04 4.813503899999999774e-04
-1.119329360621216119e-03 -1.129925699999999962e-03
-1.093969702582309883e-02 -1.101654900000000048e-02
1.120438131625258512e-03 1.202220099999999972e-03
3.822937317519082851e-03 3.818487299999999852e-03
-5.489220008017739634e-03 -5.548856599999999785e-03
6.501793152759538161e-03 6.499882600000000434e-03
-3.165000831838283104e-04 -3.580600400000000000e-04
1.473511561516010603e-03 1.376040499999999986e-03
3.872208548250659962e-03 3.893755200000000114e-03
3.557454950530068542e-03 3.529269499999999980e-03
1.032045787347450963e-02 1.035263800000000081e-02
2.521158220878371922e-03 2.448380799999999840e-03
8.869009204450524833e-03 8.917991000000000112e-03
-8.809175509123272005e-04 -8.334824500000000179e-04
-7.657894154323868080e-03 -7.626782799999999758e-03
3.480054653659774965e-03 3.544104399999999881e-03
-3.431107279502657210e-03 -3.484834500000000192e-03
3.703767762801719963e-03 3.586877699999999839e-03
-1.836270200958139325e-03 -1.866792599999999918e-03
3.639469533627902927e-03 3.757909900000000122e-03
-6.773139235787972549e-03 -6.780295000000000419e-03
1.108478345869982808e-03 1.112452099999999919e-03
1.315985005129968700e-03 1.394220600000000039e-03
-2.048587110784224827e-03 -2.134890099999999999e-03
4.236923618826177879e-03 4.300473699999999774e-03
2.169706542133322154e-03 2.313267700000000166e-03
-2.511910235515162938e-03 -2.458694899999999857e-03
-4.427913803784277319e-03 -4.423003899999999877e-03
1.651794505063402824e-03 1.662166600000000065e-03
2.082764210805217436e-03 2.150655699999999820e-03
1.795253141370441088e-03 1.798065599999999938e-03
1.470299747274340062e-03 1.420053299999999999e-03
-3.189578931303049206e-03 -3.175358799999999926e-03
-6.243535122799282605e-03 -6.221050500000000275e-03
-4.676441644705371485e-03 -4.660286100000000063e-03
1.072611630063490321e-03 1.042895299999999949e-03
-6.160752408180473604e-06 0.000000000000000000e+00
-7.064043383865929379e-06 0.000000000000000000e+00
-3.444397197117010298e-06 0.000000000000000000e+00
-9.927534164942456406e-04 -1.002069300000000066e-03
-2.175081976338516694e-03 -2.156987700000000206e-03
-4.983619231332392374e-03 -4.932464299999999788e-03
-2.484870183894415888e-03 -2.372836599999999900e-03
3.643348523666206998e-03 3.598876100000000019e-03
3.261736537280528984e-03 3.281659599999999909e-03
-7.710449385019527840e-03 -7.851502700000000459e-03
6.155986716117435109e-04 7.023859200000000420e-04
-6.444357038015676060e-03 -6.451989400000000124e-03
2.164975386067022507e-03 2.209694700000000133e-03
-3.325310377632591588e-03 -3.385944100000000141e-03
-9.008153784697077362e-04 -9.259160499999999523e-04
-1.988738317750511977e-03 -1.952755200000000097e-03
3.921686726958654480e-03 3.918895200000000432e-03
3.386780186799384813e-03 3.268342699999999840e-03
1.149852666340534305e-02 1.148479600000000024e-02
8.047289256538791083e-03 8.234429799999999980e-03
2.213702689305146500e-03 2.311496499999999860e-03
3.889766868438299802e-03 3.982751900000000393e-03
-4.555996947864145337e-03 -4.624913100000000062e-03
-2.887763797184114949e-03 -2.858195200000000075e-03
2.019921010646300724e-03 2.017932100000000093e-03
-2.036609923256794789e-03 -2.077058200000000184e-03
-3.608008938154115379e-03 -3.635192299999999866e-03
-4.055004121033362226e-03 -4.159679200000000396e-03
-4.693849225190499866e-03 -4.805669299999999929e-03
-6.025455585465835408e-03 -6.154398600000000365e-03
-1.016465690029046088e-03 -9.914543500000000224e-04
-1.124944021475807795e-03 -1.113715400000000067e-03
3.867966732874177603e-03 3.759681400000000097e-03
-1.803401909372083110e-03 -1.790881399999999946e-03
6.475166597178664239e-03 6.479353799999999601e-03
2.785320202893785523e-03 2.792231100000000087e-03
5.114025077356264964e-03 5.070837699999999719e-03
-3.397995680179889417e-03 -3.398548600000000138e-03
3.739850365544735832e-03 3.774341799999999907e-03
1.100524117609890870e-03 1.145072100000000051e-03
4.601583168345814087e-03 4.491770400000000101e-03
2.110737023170145173e-03 2.158511000000000110e-03
-1.518616166435334891e-03 -1.548612999999999899e-03
-2.717508456921555269e-03 -2.718377299999999788e-03
-5.848801715958940398e-03 -5.834171499999999712e-03
-1.387856582421379166e-03 -1.362490799999999894e-03
-9.201934101254647183e-03 -9.137971499999999678e-03
6.828018052334668651e-03 6.858482699999999752e-03
-2.672964792771261727e-03 -2.668736499999999848e-03
-1.468754645294649596e-03 -1.470530399999999977e-03
-3.751101900257866259e-03 -3.738905099999999867e-03
3.149533259723646603e-03 3.190021400000000052e-03
5.819231893368340472e-03 5.797323600000000264e-03
4.917498368636283139e-03 4.882222500000000034e-03
8.787106988070570932e-03 8.744550199999999440e-03
3.193863542183587000e-03 3.225320800000000109e-03
2.617622254019581849e-03 2.549169600000000206e-03
2.687868148088985460e-03 2.631964899999999965e-03
3.115208126673910355e-04 3.943821099999999732e-04
-4.481970217960362483e-03 -4.473287000000000270e-03
-3.338758207546602998e-03 -3.316958699999999864e-03
-1.759007825803106167e-03 -1.720629499999999949e-03
5.360477821269487957e-03 5.357666599999999849e-03
2.180073937343206345e-03 2.154367099999999948e-03
6.447747280486723458e-03 6.417675000000000289e-03
-7.148346043879414725e-03 -7.033072799999999861e-03
-6.564636141650133675e-04 -6.833172400000000341e-04
-5.293097641663831090e-04 -5.679132600000000135e-04
2.107710912566969092e-03 2.119524399999999937e-03
-3.124842038849864369e-03 -3.090052900000000123e-03
3.104555191225003008e-03 3.163177799999999928e-03
2.761176428167621318e-03 2.789885900000000068e-03
-5.628278686056603468e-03 -5.696533299999999821e-03
-5.007863059126692676e-03 -4.994100199999999649e-03
1.515886943555016164e-04 1.183075400000000013e-04
-1.281095856690290863e-03 -1.215835300000000065e-03
-3.467873793353613929e-04 -3.474134100000000175e-04
-3.368463215487377976e-04 -3.157982300000000036e-04
-2.946358352179416756e-03 -2.928271699999999891e-03
-3.858299855643577622e-03 -3.903818400000000008e-03
3.120420527958935302e-04 3.318673000000000066e-04
1.459621365804505315e-05 0.000000000000000000e+00
1.766202382813162816e-05 0.000000000000000000e+00
-5.142258420809002256e-06 0.000000000000000000e+00
