2.501607681728871047e+00 2.614849199994978335e+00
2.538450214961157858e+00 2.524054559994738156e+00
2.273437183562022845e+00 2.262549999995144390e+00
1.479130891008828996e+00 1.554686239993770869e+00
2.264987696128485162e+00 2.389718239994635951e+00
9.018955567988826694e-01 8.686373599945412805e-01
1.554391596618350357e+00 1.607692239993866679e+00
1.530301396555040938e+00 1.620821119994161563e+00
4.922954544201524896e-01 4.874511399945234968e-01
6.142993896011692545e-01 6.232901499938634515e-01
6.755362231945518658e-01 6.939051799940898491e-01
1.388192360929780378e+00 1.384378479995120870e+00
1.384307705271242694e+00 1.372322009994149994e+00
1.318649681060849232e+00 1.332080389994416691e+00
1.345422698465407407e+00 1.355785199994670620e+00
1.377497621423157792e+00 1.369385439993948239e+00
2.892778494931298461e+00 2.900895199994920404e+00
2.240578644114755935e+00 2.343304959995293757e+00
2.082908906003828609e+00 2.216095679994396050e+00
2.382769795869056573e+00 2.270198639995214762e+00
2.336094934155892755e+00 2.290207199995393239e+00
2.280588668903575922e+00 2.228310879994978677e+00
