-2.958891931470475356e-08 -5.002220859751105309e-12
2.047815865504314641e-18 -4.869998560792509816e-12
7.256419021805207148e-01 7.250559999949928169e-01
2.773263368675091378e+00 2.752459759994280830e+00
2.437175605929251532e+00 2.478970079994951448e+00
2.425140667367505110e+00 2.372016719994689993e+00
2.111431310400341044e+00 2.125639999994064055e+00
2.439113110136637896e+00 2.389868479994447625e+00
2.147591359765391950e+00 2.133884479995003858e+00
2.956934378720763590e+00 2.911708079994468790e+00
1.366076102812801896e+00 1.366654919994743977e+00
1.441814348076074559e+00 1.448819219993993102e+00
1.493854766540600121e+00 1.495155149995071042e+00
1.290205754353401573e-03 1.263679994413341792e-03
1.194477163396661865e-03 1.186799994361881563e-03
4.972414346538057695e-01 5.087226399950850464e-01
2.454065405978241715e-02 2.438307999513688457e-02
2.569640714522045816e-02 2.545782999427081278e-02
4.623094454870231851e-01 4.573855099948972436e-01
5.977331640798313334e-02 6.341692999513526274e-02
9.041888977764608523e-03 8.613119994738899568e-03
2.491017243070992732e-02 2.184063999506668380e-02
1.336249051321975433e-02 1.228799999502860375e-02
8.870869709645794199e-05 8.447999484395037192e-05
1.483732159567985320e-03 1.882239994756673696e-03
1.499157531074990501e-03 1.891839995096233906e-03
3.835491897483822576e-02 3.839244999517177348e-02
5.871341523579929333e-01 5.975248199943052896e-01
6.317275379628117804e-01 6.567170099938266503e-01
1.117520310412083440e-01 1.152112599947940907e-01
2.632158217476985751e+00 2.608239599995613389e+00
2.201593285316565840e+00 2.166170079994117259e+00
2.792800355702331760e+00 2.631075119995557543e+00
1.254847612088636266e+00 1.256548639995571648e+00
8.175197375184684034e-03 1.599103999478757032e-02
1.381989612657037680e+00 1.380820329995003704e+00
1.388192360929780822e+00 1.384378479995120870e+00
2.047815865504314641e-18 -4.869998560792509816e-12
4.653471981381403499e-01 4.649781799950191141e-01
9.152575810504803844e-01 9.253623199947469402e-01
1.373880342334304894e+00 1.373974279995536563e+00
1.364024143405419887e+00 1.362210989993855037e+00
1.356110966740890156e+00 1.359336429994755235e+00
1.347235838100511396e+00 1.348762409995515554e+00
1.382767151453049292e+00 1.383006419995354008e+00
2.304279476579720320e+00 2.390160959994318546e+00
2.440001255089482068e+00 2.528445759994838227e+00
1.774923355583745810e+00 1.820011119994205728e+00
2.068951765617637495e+00 2.232938959994498873e+00
2.172919640692665411e+00 2.262308079994227228e+00
2.795076957749932145e+00 2.676365439994374817e+00
