-3.327650640710695940e-01 -3.329290400051831966e-01
-3.325333121494987165e-01 -3.338094400060072076e-01
-3.051077686950415813e-01 -3.068497600052069174e-01
1.085048311245543351e-01 1.081302399943524506e-01
1.099011156316813259e-01 1.101232799937861273e-01
1.101830989130401506e-01 1.102556799942249199e-01
-1.660889096406155674e-01 -1.618572800052788807e-01
-2.085791338764996228e-01 -2.063852800056338310e-01
-1.790139473820752392e-01 -1.782492000056663528e-01
-2.657792173758840026e-01 -2.658278400049312040e-01
-3.679475171979149084e-01 -3.680956800053536426e-01
-3.679475171979149084e-01 -3.679617600064375438e-01
