-3.679475171403915890e-01 -3.659238400050526252e-01
-4.068674942222465507e-01 -4.053049600061058300e-01
-3.188333215175583879e-01 -3.199360800063004717e-01
-3.276370901510248790e-01 -3.292081600066012470e-01
-3.284559448005386351e-01 -3.302507200060063042e-01
2.079710364527716411e-03 1.882879994809627533e-03
5.675346389159953778e-03 6.273279994275071658e-03
1.616847931640758929e-03 1.441279993741773069e-03
2.506763754740880430e-03 2.296319993547513150e-03
1.047582689242409806e-18 -5.456968210637569427e-12
1.289192411742587190e-02 1.223999999456282239e-02
4.384586076660658416e-02 4.332415999488148373e-02
1.205507286636983526e-02 1.155007999477675185e-02
1.137959127582697551e-02 1.100735999352764338e-02
1.390431438905458464e-02 1.443039999503525905e-02
1.643679168513898989e-02 1.681183999426139053e-02
2.215506799199450441e-02 2.214575999460066669e-02
1.006168659800660281e-02 9.886879994155606255e-03
2.355336582715277655e-02 2.351855999404506292e-02
1.349926739769761151e-02 1.336607999473926611e-02
2.230857993471565062e-02 2.290415999414108228e-02
1.659185817814419484e-02 1.772287999483523890e-02
1.664628213303059878e-02 1.604847999442426953e-02
1.986101621172698187e-02 1.911983999343647156e-02
2.944247589312394553e-02 2.971231999435985927e-02
1.457614476411406117e-02 1.499663999493350275e-02
2.270623291868422572e-02 2.330783999423147179e-02
1.852674732985864353e-02 1.931967999371408951e-02
9.675968527308442813e-02 9.019919999445846770e-02
1.157799592784514997e-01 1.159559999941848218e-01
7.097983445566560801e-02 7.116175999362894800e-02
-1.851679682693657403e-01 -1.845688800058269408e-01
-2.321338468216856687e-01 -2.302048000055947341e-01
-1.730237270606612698e-01 -1.747157600057107629e-01
-3.233585482831978775e-01 -3.246023200063063996e-01
-3.679475171979149084e-01 -3.680956800053536426e-01
-3.103681862907217148e-01 -3.110084800064214505e-01
9.287103443912191189e-04 7.883599937485996634e-04
8.964825051614394667e-04 7.563499948446406052e-04
-1.742309871282723271e-02 -1.877109000633936375e-02
