-2.444204727503063168e-09 -7.275957614183425903e-12
2.130372568742852299e-04 2.151199914806056768e-04
3.525492627596692901e-04 3.537799930199980736e-04
3.306058424566082551e-04 3.320399919175542891e-04
1.424796833294947052e-01 1.422838099933869671e-01
1.473099120218304137e-01 1.470277699918369763e-01
7.896187725379186229e-03 6.945154989807633683e-03
1.529235719396119381e-02 1.333938999232486822e-02
3.803966764321308619e-02 3.698815999082850914e-02
2.358637570472003474e-04 2.381599908448813439e-04
1.509528045102179715e-02 1.508487999076803428e-02
7.138669549784396008e-04 7.152799909863213033e-04
7.703481095100657428e-02 7.719511999080620746e-02
1.440285277630566456e-03 1.440559990855920427e-03
4.391123915280791836e-04 4.402599908689560325e-04
4.772072528719659341e-04 4.783299909422319106e-04
1.754711751194355240e-01 1.753176299909728064e-01
1.587909146663545323e-01 1.585214999908703126e-01
5.264940215845187281e-03 5.501254990861070837e-03
1.077607502143945566e-02 1.126891999081180984e-02
4.857860525636531999e-03 5.095214990944896272e-03
1.552411717055830476e-01 1.551727999903960153e-01
1.556062025849117014e-01 1.555378599896357628e-01
1.556556431806419560e-01 1.555872799890494207e-01
1.958060633486703173e-01 1.948630649894766975e-01
1.877470673456677064e-01 1.879260349887772463e-01
1.712601523847221974e-01 1.714808899887430016e-01
1.705192361742139118e-01 1.707423999887396349e-01
2.164788309865971205e-01 2.170307199885428417e-01
2.181778449285069199e-01 2.177325549891975243e-01
2.190234614536553936e-01 2.196564849891728954e-01
2.079684084372640518e-01 2.077620099898922490e-01
3.118361858248919205e-02 3.159231999234179966e-02
9.136164097178987517e-03 8.609919990890351274e-03
2.512758041948788892e-02 2.418751999080538673e-02
1.096015972838663109e-02 1.043455999088562132e-02
2.285550382663220637e-02 2.415487999083322512e-02
3.320551875612420822e-03 1.496959994256030768e-03
6.661091049853240520e-07 6.399932317435741425e-07
