3.404484319501688283e-03 1.121919991419417784e-03
9.509916684137142973e-03 9.044479990920966175e-03
8.521563601144319447e-04 8.533599939255509526e-04
1.475418785914867081e-01 1.471992499937186949e-01
1.360640646129434306e-01 1.357468399910430890e-01
7.786377315606403567e-03 6.837034990894608200e-03
1.577488404420082299e-02 1.382800999272149056e-02
4.809740070874590415e-19 -9.135899060694895752e-12
9.434550281887980287e-04 9.445599909713316665e-04
5.896593926180104285e-03 5.891119990978925872e-03
1.164155188809536390e-01 1.180651199908470256e-01
1.666209895756990411e-01 1.686793599908059937e-01
1.882974448903927400e-01 1.880093699907820215e-01
1.767327843382031916e-01 1.763136399908535046e-01
5.463539109571834140e-03 5.699214990784184920e-03
1.105510403918995820e-02 1.155073999086653203e-02
1.854549660203428929e-01 1.857702099896414438e-01
1.834977791387406298e-01 1.844875199894886464e-01
1.806336555580748127e-01 1.819241899902408477e-01
1.847583020100252160e-01 1.840273699908721028e-01
1.705750214977335422e-01 1.707979599887039512e-01
2.226727879468529403e-01 2.238027299899840727e-01
2.215990895948277417e-01 2.215923849889804842e-01
2.139527954058542680e-01 2.149495149897120427e-01
2.135097451225768939e-01 2.138716899899009150e-01
3.863246224911247029e-01 3.900688999856356531e-01
3.661377058905491699e-01 3.712725999866961502e-01
3.571798804520718851e-01 3.626919399830512702e-01
3.669296003560877928e-01 3.724222399832797237e-01
3.331514602287205529e-01 3.391780599849880673e-01
3.523261761578962425e-01 3.557579799853556324e-01
3.546575008088323488e-01 3.604943599857506342e-01
3.450122053681126677e-01 3.533290799859969411e-01
